1
500 3785
297 369 199
129 194
274 352
453 2
112 308
334 141
334 453
334 189
334 115
334 390
334 267
334 181
334 428
334 318
334 2
337 232
268 54
451 453
451 115
451 246
451 256
451 57
451 49
451 221
451 167
451 188
451 297
451 139
451 43
451 2
451 138
451 141
451 429
451 144
451 189
451 123
451 131
451 124
451 390
451 177
451 428
451 44
451 318
322 453
322 343
322 115
322 483
322 246
322 336
322 256
322 221
322 297
322 43
322 138
322 114
322 141
322 429
322 144
322 123
322 358
322 153
322 209
322 44
322 465
322 183
322 57
322 240
322 49
322 167
322 181
322 188
322 139
322 189
322 390
322 124
322 177
322 312
322 318
197 73
174 153
174 465
174 131
406 465
185 189
185 115
185 390
185 181
185 318
185 2
399 70
422 77
422 195
422 250
422 400
422 413
36 141
36 453
36 181
58 217
40 495
40 456
121 453
121 141
121 144
121 189
121 115
121 246
121 390
121 49
121 181
121 138
121 297
121 139
121 318
121 2
201 93
201 364
407 26
6 453
6 141
6 189
6 115
6 131
6 256
6 390
6 267
6 318
6 2
469 141
469 189
469 115
469 256
469 390
469 318
469 2
250 489
297 49
300 453
300 115
300 390
300 267
300 181
300 428
300 318
300 2
26 153
26 453
26 465
26 141
26 267
26 428
26 2
459 493
385 475
138 283
138 139
39 453
39 465
39 2
148 453
148 115
148 246
148 256
148 297
148 138
148 114
148 141
148 144
148 198
148 209
148 298
148 183
148 417
148 240
148 167
148 188
148 139
148 390
148 312
148 343
148 483
148 336
148 221
148 43
148 2
148 429
148 123
148 358
148 153
148 44
148 57
148 49
148 267
148 181
148 189
148 386
148 124
148 177
148 318
149 22
147 344
141 453
141 63
307 362
307 23
307 280
264 153
372 340
23 329
391 392
215 465
215 115
215 246
215 256
215 57
215 49
215 221
215 167
215 181
215 188
215 297
215 43
215 139
215 138
215 141
215 144
215 429
215 123
215 189
215 131
215 390
215 153
215 124
215 177
215 44
215 318
265 450
15 153
15 131
15 428
367 56
367 152
367 89
367 412
367 448
10 453
10 343
10 115
10 246
10 483
10 336
10 256
10 221
10 297
10 43
10 2
10 138
10 114
10 141
10 144
10 429
10 123
10 358
10 209
10 428
10 44
10 465
10 183
10 57
10 240
10 49
10 167
10 267
10 181
10 188
10 139
10 189
10 131
10 124
10 390
10 177
10 312
10 318
443 134
443 112
275 106
198 358
198 439
233 35
415 100
481 33
462 131
462 153
462 267
462 181
218 29
435 453
435 141
435 267
435 2
299 58
299 69
427 453
427 183
427 343
427 115
427 483
427 246
427 256
427 336
427 57
427 240
427 49
427 167
427 221
427 188
427 267
427 181
427 297
427 43
427 139
427 2
427 138
427 114
427 429
427 144
427 123
427 189
427 358
427 124
427 153
427 390
427 177
427 209
427 428
427 44
427 312
427 318
485 481
375 469
192 66
192 30
175 71
214 419
223 453
223 465
223 115
223 246
223 49
223 221
223 267
223 297
223 139
223 138
223 2
223 144
223 390
223 318
342 330
342 235
495 131
495 428
425 494
425 367
369 453
369 343
369 115
369 483
369 246
369 336
369 256
369 221
369 297
369 43
369 138
369 2
369 114
369 141
369 429
369 144
369 123
369 358
369 153
369 209
369 428
369 44
369 465
369 183
369 57
369 240
369 49
369 167
369 188
369 181
369 139
369 189
369 131
369 124
369 390
369 177
369 312
369 318
203 492
465 436
465 254
465 299
106 128
454 453
454 465
454 144
454 189
454 115
454 256
454 390
454 153
454 49
454 267
454 181
454 297
454 318
454 2
293 405
395 141
395 453
395 465
395 153
395 267
395 181
395 428
395 2
162 68
389 343
389 115
389 483
389 246
389 336
389 256
389 221
389 297
389 43
389 2
389 138
389 114
389 141
389 144
389 429
389 123
389 358
389 153
389 209
389 44
389 465
389 183
389 57
389 240
389 49
389 167
389 181
389 188
389 139
389 189
389 124
389 390
389 177
389 312
389 318
311 490
417 298
491 335
217 479
252 343
252 115
252 483
252 246
252 336
252 256
252 221
252 297
252 43
252 138
252 114
252 141
252 429
252 144
252 123
252 358
252 198
252 153
252 209
252 44
252 298
252 465
252 183
252 417
252 57
252 240
252 49
252 167
252 267
252 181
252 188
252 139
252 189
252 386
252 124
252 390
252 177
252 312
252 318
382 169
382 487
382 447
349 420
240 343
9 453
9 141
9 144
9 189
9 115
9 256
9 390
9 153
9 49
9 267
9 181
9 297
9 139
9 318
167 177
392 453
392 115
392 246
392 256
392 297
392 138
392 114
392 141
392 144
392 198
392 209
392 298
392 465
392 183
392 417
392 240
392 167
392 188
392 139
392 390
392 312
392 343
392 483
392 336
392 221
392 43
392 429
392 123
392 358
392 153
392 44
392 57
392 49
392 267
392 181
392 189
392 386
392 124
392 177
392 318
188 480
188 43
303 354
303 394
229 453
229 465
229 144
229 189
229 115
229 256
229 390
229 153
229 49
229 267
229 181
229 297
229 318
229 2
449 94
14 176
421 282
291 441
353 219
273 453
273 115
273 246
273 256
273 336
273 221
273 297
273 43
273 138
273 2
273 141
273 144
273 429
273 123
273 44
273 465
273 57
273 49
273 167
273 267
273 181
273 188
273 139
273 189
273 124
273 390
273 177
273 318
187 141
187 189
187 115
187 256
187 390
187 267
187 181
187 318
187 2
277 132
212 453
212 465
212 267
212 181
212 2
212 141
212 131
212 153
212 428
249 103
249 3
249 462
94 486
468 47
468 331
104 426
18 239
196 428
196 465
196 153
363 343
363 115
363 246
363 483
363 221
363 297
363 43
363 138
363 114
363 141
363 144
363 429
363 123
363 358
363 198
363 153
363 209
363 44
363 298
363 465
363 183
363 417
363 57
363 240
363 49
363 167
363 267
363 139
363 189
363 386
363 124
363 390
363 177
363 312
363 318
271 453
271 115
271 246
271 256
271 297
271 138
271 114
271 141
271 144
271 198
271 209
271 298
271 183
271 417
271 240
271 167
271 188
271 139
271 390
271 312
271 343
271 483
271 336
271 221
271 43
271 2
271 429
271 123
271 358
271 153
271 44
271 57
271 49
271 267
271 181
271 189
271 386
271 124
271 177
271 318
87 249
128 382
128 203
325 453
325 465
325 183
325 115
325 246
325 57
325 49
325 167
325 267
325 181
325 221
325 297
325 139
325 43
325 2
325 138
325 141
325 144
325 429
325 123
325 390
325 177
325 209
325 44
325 312
325 318
332 453
332 465
332 144
332 141
332 189
332 115
332 246
332 390
332 49
332 221
332 138
332 297
332 139
332 318
332 2
398 453
398 115
398 246
398 256
398 221
398 297
398 43
398 138
398 2
398 141
398 429
398 144
398 123
398 153
398 428
398 44
398 465
398 57
398 49
398 167
398 188
398 139
398 189
398 131
398 390
398 124
398 177
398 318
284 53
390 189
390 477
390 51
384 453
384 465
384 115
384 246
384 256
384 49
384 167
384 221
384 181
384 188
384 297
384 43
384 139
384 2
384 138
384 141
384 429
384 144
384 189
384 123
384 131
384 124
384 390
384 177
384 428
384 44
384 318
54 453
54 141
54 465
54 131
54 267
54 428
156 16
431 231
235 153
235 453
235 465
235 267
235 181
235 141
235 131
235 2
238 90
238 146
42 389
42 166
42 59
211 208
211 247
378 363
71 104
312 483
160 264
160 222
160 316
247 259
489 191
361 453
361 115
361 246
361 256
361 297
361 138
361 114
361 141
361 144
361 198
361 209
361 298
361 183
361 417
361 240
361 167
361 188
361 139
361 390
361 312
361 343
361 483
361 336
361 221
361 43
361 429
361 123
361 358
361 153
361 44
361 57
361 49
361 267
361 181
361 189
361 386
361 124
361 177
361 318
237 265
134 285
460 220
460 202
460 474
450 453
450 141
450 189
450 115
450 131
450 256
450 390
450 181
450 428
450 318
450 2
1 409
290 478
290 310
290 5
290 226
137 453
137 465
137 153
137 181
137 428
335 453
335 183
335 343
335 115
335 246
335 483
335 256
335 336
335 57
335 240
335 49
335 221
335 267
335 167
335 188
335 297
335 43
335 139
335 138
335 114
335 144
335 429
335 123
335 189
335 131
335 358
335 124
335 390
335 198
335 177
335 209
335 44
335 312
335 318
492 197
108 500
205 309
400 381
438 153
438 428
438 131
483 288
483 336
365 115
365 246
365 256
365 221
365 297
365 43
365 138
365 141
365 144
365 428
365 465
365 49
365 167
365 267
365 139
365 189
365 131
365 390
365 177
365 318
109 298
109 465
109 183
109 343
109 115
109 417
109 246
109 483
109 336
109 256
109 57
109 240
109 49
109 167
109 221
109 181
109 188
109 297
109 43
109 139
109 138
109 114
109 429
109 144
109 189
109 123
109 358
109 386
109 390
109 198
109 124
109 177
109 209
109 44
109 312
109 318
414 279
133 307
145 370
262 322
404 95
82 162
99 453
99 115
99 246
99 256
99 221
99 297
99 138
99 2
99 141
99 144
99 49
99 167
99 267
99 181
99 139
99 189
99 390
99 177
99 318
420 496
447 465
447 115
447 256
447 49
447 267
447 181
447 297
447 139
447 2
447 138
447 144
447 189
447 390
447 153
447 318
146 267
146 465
146 2
381 230
83 353
222 242
222 376
497 371
2 155
2 267
366 373
471 466
471 443
471 72
430 453
430 115
430 246
430 256
430 221
430 297
430 43
430 138
430 2
430 141
430 144
430 429
430 123
430 44
430 57
430 49
430 167
430 267
430 188
430 139
430 189
430 390
430 124
430 177
430 318
66 355
383 271
419 472
169 453
169 115
169 256
169 49
169 267
169 181
169 297
169 139
169 138
169 2
169 144
169 189
169 390
169 153
169 428
169 318
393 453
393 141
393 144
393 189
393 115
393 390
393 49
393 181
393 297
393 139
393 318
393 138
123 414
123 124
279 161
370 468
370 92
195 453
195 115
195 246
195 256
195 221
195 297
195 43
195 2
195 138
195 141
195 429
195 144
195 123
195 428
195 44
195 465
195 57
195 49
195 167
195 267
195 181
195 188
195 139
195 189
195 390
195 124
195 177
195 318
86 453
86 115
86 390
86 267
86 181
86 428
86 318
86 2
253 453
253 465
253 115
253 246
253 256
253 57
253 49
253 167
253 221
253 181
253 188
253 297
253 43
253 139
253 2
253 138
253 429
253 144
253 189
253 123
253 124
253 390
253 177
253 44
253 318
11 4
161 453
161 115
161 246
161 256
161 221
161 297
161 43
161 138
161 141
161 144
161 153
161 465
161 49
161 167
161 267
161 188
161 139
161 189
161 131
161 124
161 390
161 177
161 318
474 453
474 343
474 115
474 483
474 246
474 256
474 336
474 221
474 297
474 43
474 138
474 114
474 141
474 144
474 429
474 123
474 358
474 198
474 209
474 44
474 298
474 465
474 183
474 417
474 57
474 240
474 49
474 167
474 267
474 188
474 139
474 189
474 386
474 390
474 124
474 177
474 312
474 318
220 24
220 293
153 465
354 20
354 452
458 115
458 256
458 267
458 181
458 2
458 141
458 189
458 131
458 390
458 428
458 318
488 67
67 115
67 256
67 267
67 181
67 189
67 131
67 390
67 318
292 156
92 465
92 153
294 465
294 131
294 428
74 465
74 131
74 153
74 428
323 255
373 343
373 115
373 246
373 483
373 256
373 336
373 434
373 221
373 297
373 43
373 2
373 138
373 114
373 147
373 141
373 144
373 429
373 123
373 358
373 198
373 153
373 209
373 44
373 298
373 183
373 417
373 344
373 57
373 240
373 49
373 167
373 267
373 181
373 188
373 139
373 189
373 272
373 131
373 386
373 390
373 124
373 177
373 234
373 312
373 318
317 210
285 258
413 304
50 163
50 317
251 153
251 465
251 131
158 453
158 115
158 246
158 256
158 297
158 138
158 114
158 144
158 198
158 209
158 298
158 183
158 417
158 240
158 167
158 188
158 139
158 390
158 312
158 343
158 483
158 336
158 221
158 43
158 2
158 429
158 123
158 358
158 153
158 44
158 57
158 49
158 181
158 189
158 386
158 124
158 177
158 318
331 74
441 453
441 141
441 465
441 131
441 153
441 267
441 181
441 428
441 2
305 453
305 465
305 115
305 417
305 246
305 240
305 49
305 221
305 167
305 181
305 297
305 43
305 138
305 114
305 141
305 144
305 358
305 153
305 177
305 428
305 318
65 453
65 115
65 246
65 256
65 49
65 221
65 167
65 267
65 181
65 297
65 139
65 43
65 138
65 141
65 144
65 189
65 390
65 153
65 177
65 318
37 290
37 302
37 410
37 151
37 31
412 421
280 460
280 84
280 455
97 374
346 164
356 377
356 229
5 415
5 375
5 379
25 28
25 113
344 27
344 131
344 417
344 361
359 343
359 115
359 483
359 246
359 336
359 256
359 221
359 297
359 43
359 138
359 2
359 114
359 141
359 144
359 429
359 123
359 358
359 198
359 153
359 209
359 44
359 298
359 465
359 183
359 417
359 57
359 240
359 49
359 167
359 188
359 139
359 189
359 386
359 390
359 124
359 177
359 312
359 318
57 269
57 44
57 214
416 12
416 75
49 144
486 437
486 201
77 204
181 141
181 435
340 141
340 144
340 189
340 115
340 131
340 256
340 390
340 49
340 181
340 428
340 297
340 318
319 193
7 453
7 465
7 2
19 372
28 173
444 131
444 153
444 428
444 2
376 142
259 387
46 18
132 168
476 326
442 453
442 115
442 246
442 256
442 221
442 297
442 43
442 2
442 138
442 141
442 144
442 153
442 465
442 49
442 167
442 267
442 139
442 189
442 131
442 390
442 177
442 318
96 287
96 404
432 105
64 446
64 431
245 192
213 157
355 453
355 115
355 246
355 256
355 221
355 297
355 43
355 2
355 138
355 141
355 144
355 429
355 123
355 153
355 428
355 44
355 465
355 57
355 49
355 167
355 188
355 181
355 139
355 189
355 390
355 124
355 177
355 318
448 343
448 115
448 246
448 221
448 297
448 43
448 138
448 2
448 114
448 144
448 429
448 358
448 198
448 153
448 44
448 298
448 183
448 417
448 240
448 49
448 167
448 181
448 139
448 386
448 177
448 318
272 234
199 369
131 428
131 401
386 198
386 190
379 11
377 454
377 19
38 13
402 465
402 428
402 131
456 244
456 78
479 277
374 38
119 126
327 321
327 278
135 141
135 189
135 115
135 131
135 256
135 390
135 267
135 428
135 181
135 318
135 2
234 147
89 453
89 343
89 115
89 246
89 221
89 297
89 43
89 2
89 138
89 114
89 141
89 144
89 429
89 358
89 198
89 44
89 298
89 183
89 417
89 240
89 49
89 167
89 139
89 386
89 177
89 318
314 366
24 343
24 115
24 246
24 483
24 256
24 336
24 221
24 297
24 43
24 2
24 138
24 114
24 429
24 144
24 123
24 358
24 198
24 209
24 44
24 298
24 465
24 183
24 417
24 57
24 240
24 49
24 167
24 181
24 188
24 139
24 189
24 386
24 124
24 390
24 177
24 312
24 318
33 451
33 327
318 390
401 305
261 453
261 115
261 267
261 181
261 2
261 390
261 428
261 318
347 453
347 115
347 246
347 256
347 297
347 138
347 114
347 141
347 144
347 209
347 183
347 240
347 167
347 188
347 139
347 390
347 312
347 343
347 483
347 336
347 221
347 43
347 2
347 429
347 123
347 358
347 153
347 428
347 44
347 57
347 49
347 267
347 181
347 189
347 131
347 124
347 177
347 318
47 251
47 399
47 294
466 453
466 115
466 246
466 256
466 221
466 297
466 43
466 138
466 141
466 144
466 123
466 153
466 465
466 49
466 167
466 188
466 139
466 189
466 390
466 124
466 177
466 318
352 187
154 120
487 453
487 115
487 256
487 297
487 138
487 2
487 141
487 144
487 153
487 428
487 465
487 49
487 267
487 139
487 189
487 390
487 318
219 216
159 408
159 292
155 267
115 318
388 453
388 183
388 343
388 115
388 483
388 246
388 336
388 256
388 57
388 240
388 49
388 221
388 167
388 188
388 267
388 297
388 139
388 43
388 138
388 114
388 141
388 429
388 144
388 123
388 189
388 131
388 358
388 390
388 124
388 177
388 209
388 428
388 44
388 312
388 318
239 453
239 115
239 246
239 256
239 49
239 167
239 221
239 267
239 181
239 297
239 139
239 43
239 138
239 2
239 141
239 144
239 189
239 131
239 390
239 153
239 177
239 318
289 339
289 76
246 393
246 286
246 138
164 237
164 334
164 488
164 385
256 36
256 181
256 170
256 380
464 48
270 295
95 473
243 359
434 61
434 272
157 207
17 298
17 465
17 183
17 343
17 115
17 417
17 246
17 483
17 256
17 336
17 57
17 240
17 49
17 221
17 167
17 181
17 188
17 297
17 43
17 139
17 138
17 114
17 141
17 144
17 429
17 189
17 123
17 386
17 358
17 124
17 198
17 390
17 177
17 209
17 44
17 312
17 318
380 499
380 342
473 206
321 453
321 115
321 246
321 256
321 221
321 297
321 43
321 138
321 2
321 141
321 429
321 144
321 123
321 428
321 44
321 57
321 49
321 167
321 267
321 188
321 139
321 189
321 124
321 390
321 177
321 318
179 115
179 246
179 256
179 297
179 138
179 114
179 141
179 144
179 198
179 209
179 298
179 465
179 183
179 417
179 240
179 167
179 188
179 139
179 390
179 312
179 343
179 483
179 336
179 221
179 43
179 2
179 429
179 123
179 358
179 44
179 57
179 49
179 267
179 181
179 189
179 386
179 124
179 177
179 318
397 453
397 115
397 246
397 256
397 49
397 221
397 167
397 188
397 297
397 139
397 43
397 138
397 141
397 144
397 189
397 390
397 153
397 177
397 318
102 17
136 225
455 391
455 119
122 60
114 240
114 82
88 453
88 115
88 246
88 256
88 221
88 297
88 43
88 138
88 429
88 144
88 123
88 153
88 44
88 465
88 57
88 49
88 167
88 188
88 181
88 139
88 189
88 131
88 124
88 390
88 177
88 318
263 453
263 115
263 256
263 267
263 181
263 2
263 141
263 189
263 131
263 390
263 428
263 318
362 64
362 102
472 384
472 418
144 115
144 153
269 453
269 115
269 246
269 256
269 221
269 297
269 43
269 138
269 141
269 429
269 144
269 123
269 153
269 44
269 49
269 167
269 267
269 188
269 181
269 139
269 189
269 124
269 390
269 177
269 318
224 453
224 115
224 256
224 49
224 267
224 297
224 139
224 138
224 141
224 144
224 189
224 390
224 153
224 318
410 141
410 189
410 115
410 131
410 256
410 390
410 267
410 181
410 428
410 318
410 2
329 464
329 383
329 252
287 205
84 148
310 135
440 453
440 465
440 141
440 153
200 350
200 346
225 467
426 465
426 428
118 453
118 115
118 256
118 49
118 267
118 181
118 297
118 141
118 144
118 189
118 390
118 318
171 55
244 153
244 465
244 131
306 7
306 39
91 453
91 465
91 115
91 256
91 49
91 267
91 181
91 297
91 2
91 141
91 144
91 189
91 131
91 390
91 153
91 318
209 98
209 312
241 141
241 465
241 144
241 189
241 115
241 256
241 390
241 153
241 49
241 181
241 297
241 318
403 423
12 470
73 96
100 289
4 263
423 127
172 88
76 107
446 296
173 357
173 10
298 386
408 15
408 174
206 62
183 209
286 224
286 275
302 141
302 453
302 189
302 115
302 131
302 256
302 390
302 181
302 428
302 318
117 453
117 343
117 115
117 483
117 246
117 336
117 256
117 221
117 434
117 297
117 43
117 138
117 114
117 147
117 429
117 144
117 123
117 358
117 198
117 209
117 44
117 298
117 465
117 183
117 417
117 344
117 57
117 240
117 49
117 167
117 188
117 139
117 189
117 272
117 131
117 386
117 390
117 124
117 177
117 234
117 312
117 318
301 298
301 453
301 183
301 343
301 115
301 417
301 246
301 483
301 256
301 336
301 57
301 240
301 49
301 221
301 267
301 167
301 181
301 188
301 297
301 43
301 139
301 138
301 114
301 429
301 144
301 123
301 189
301 358
301 386
301 124
301 390
301 198
301 177
301 209
301 44
301 312
301 318
255 118
255 116
255 130
60 165
60 109
168 453
168 141
168 189
168 115
168 256
168 390
168 267
168 181
168 428
168 318
168 2
79 270
79 253
30 172
191 433
191 484
191 213
191 108
333 141
333 144
333 189
333 115
333 131
333 256
333 390
333 49
333 267
333 181
333 428
333 297
333 139
333 318
333 138
437 461
328 453
328 115
328 246
328 256
328 221
328 297
328 43
328 2
328 138
328 144
328 465
328 49
328 167
328 267
328 181
328 188
328 139
328 189
328 390
328 177
328 318
3 153
3 453
3 141
3 181
3 428
484 215
484 398
484 101
130 241
16 153
16 131
16 428
461 153
461 465
461 428
461 131
55 99
230 457
371 81
371 159
320 276
320 248
139 356
139 297
139 236
409 453
409 115
409 246
409 256
409 336
409 221
409 297
409 43
409 138
409 2
409 429
409 144
409 123
409 428
409 44
409 465
409 57
409 49
409 167
409 267
409 181
409 188
409 139
409 189
409 131
409 390
409 124
409 177
409 318
52 482
204 453
204 465
204 115
204 246
204 256
204 57
204 49
204 167
204 221
204 188
204 267
204 297
204 139
204 43
204 138
204 141
204 144
204 429
204 123
204 189
204 131
204 390
204 153
204 124
204 177
204 428
204 44
204 318
260 261
21 343
21 115
21 246
21 483
21 336
21 256
21 221
21 297
21 43
21 138
21 114
21 141
21 429
21 144
21 123
21 358
21 198
21 153
21 209
21 44
21 298
21 465
21 183
21 417
21 57
21 240
21 49
21 167
21 267
21 188
21 181
21 139
21 189
21 386
21 390
21 124
21 177
21 312
21 318
93 465
93 131
93 153
93 428
494 180
207 143
207 218
207 485
436 403
436 368
436 200
308 453
308 465
308 115
308 246
308 256
308 49
308 167
308 267
308 221
308 181
308 188
308 297
308 139
308 43
308 2
308 138
308 141
308 144
308 123
308 189
308 131
308 390
308 124
308 177
308 318
216 115
216 246
216 256
216 221
216 297
216 43
216 138
216 2
216 141
216 429
216 144
216 123
216 49
216 167
216 267
216 181
216 188
216 139
216 189
216 124
216 390
216 177
216 318
29 453
29 115
29 246
29 256
29 221
29 297
29 43
29 138
29 2
29 141
29 429
29 144
29 123
29 153
29 44
29 465
29 57
29 49
29 167
29 181
29 188
29 139
29 189
29 131
29 390
29 124
29 177
29 318
478 115
478 256
478 181
478 2
478 141
478 189
478 131
478 390
478 318
278 115
278 246
278 256
278 221
278 297
278 43
278 138
278 141
278 144
278 429
278 123
278 153
278 44
278 465
278 57
278 49
278 167
278 267
278 181
278 188
278 139
278 189
278 131
278 124
278 390
278 177
278 318
296 453
296 115
296 246
296 256
296 297
296 138
296 114
296 141
296 144
296 198
296 209
296 298
296 183
296 417
296 240
296 167
296 188
296 139
296 390
296 312
296 343
296 483
296 336
296 221
296 43
296 429
296 123
296 358
296 153
296 44
296 57
296 49
296 181
296 189
296 386
296 124
296 177
296 318
452 199
31 432
258 453
258 465
258 115
258 246
258 256
258 49
258 167
258 221
258 188
258 297
258 139
258 43
258 2
258 138
258 141
258 144
258 123
258 189
258 124
258 153
258 390
258 177
258 318
166 154
166 349
143 430
405 122
339 6
418 453
418 115
418 246
418 256
418 221
418 297
418 43
418 2
418 138
418 141
418 429
418 144
418 123
418 153
418 428
418 44
418 465
418 49
418 167
418 267
418 188
418 181
418 139
418 189
418 131
418 124
418 390
418 177
418 318
163 80
163 65
210 115
210 246
210 256
210 221
210 297
210 43
210 138
210 144
210 465
210 49
210 167
210 267
210 181
210 139
210 189
210 131
210 390
210 177
210 318
120 343
120 115
120 246
120 483
120 336
120 256
120 221
120 297
120 43
120 138
120 2
120 114
120 141
120 429
120 144
120 123
120 358
120 209
120 44
120 465
120 183
120 57
120 240
120 49
120 167
120 181
120 188
120 139
120 189
120 131
120 390
120 124
120 177
120 312
120 318
227 453
227 465
227 115
227 246
227 256
227 49
227 167
227 267
227 181
227 221
227 297
227 139
227 43
227 138
227 141
227 144
227 189
227 131
227 390
227 177
227 428
227 318
110 453
110 465
110 183
110 343
110 115
110 246
110 483
110 336
110 256
110 57
110 240
110 49
110 221
110 267
110 188
110 167
110 181
110 297
110 139
110 43
110 2
110 138
110 114
110 429
110 144
110 189
110 123
110 358
110 124
110 153
110 390
110 177
110 209
110 428
110 44
110 312
110 318
8 125
126 158
126 179
20 388
236 323
127 185
127 233
22 453
22 115
22 246
22 336
22 256
22 221
22 297
22 43
22 138
22 141
22 429
22 144
22 123
22 153
22 428
22 44
22 465
22 57
22 49
22 167
22 267
22 188
22 139
22 189
22 131
22 390
22 124
22 177
22 318
498 141
498 189
498 115
498 390
498 267
498 181
498 428
498 318
498 2
357 8
165 298
165 183
165 343
165 115
165 417
165 246
165 483
165 336
165 256
165 57
165 240
165 49
165 221
165 167
165 188
165 297
165 139
165 43
165 138
165 2
165 114
165 141
165 429
165 144
165 189
165 123
165 386
165 358
165 124
165 153
165 390
165 198
165 177
165 209
165 44
165 312
165 318
257 453
257 343
257 115
257 483
257 246
257 256
257 336
257 221
257 297
257 43
257 2
257 138
257 114
257 141
257 429
257 144
257 123
257 358
257 198
257 153
257 209
257 44
257 183
257 57
257 240
257 49
257 167
257 267
257 181
257 188
257 139
257 189
257 390
257 124
257 177
257 312
257 318
56 378
394 453
394 465
394 183
394 343
394 115
394 483
394 246
394 256
394 336
394 57
394 240
394 49
394 221
394 267
394 167
394 188
394 297
394 43
394 139
394 2
394 138
394 114
394 141
394 144
394 429
394 189
394 123
394 358
394 124
394 153
394 390
394 177
394 209
394 428
394 44
394 312
394 318
41 444
111 497
242 449
242 406
343 183
343 325
75 153
75 465
75 428
75 131
309 333
482 453
482 115
482 246
482 256
482 221
482 297
482 43
482 138
482 2
482 141
482 144
482 428
482 465
482 49
482 167
482 267
482 181
482 139
482 189
482 131
482 390
482 177
482 318
170 268
170 440
170 360
424 115
424 246
424 256
424 57
424 49
424 167
424 221
424 181
424 188
424 297
424 139
424 43
424 2
424 138
424 141
424 144
424 429
424 123
424 189
424 124
424 153
424 390
424 177
424 44
424 318
338 465
336 422
336 57
202 298
202 465
202 183
202 343
202 115
202 417
202 483
202 246
202 336
202 256
202 57
202 240
202 49
202 167
202 221
202 181
202 188
202 267
202 297
202 139
202 43
202 138
202 114
202 144
202 429
202 189
202 123
202 358
202 386
202 198
202 390
202 124
202 177
202 209
202 44
202 312
202 318
105 14
433 453
433 115
433 246
433 256
433 221
433 297
433 43
433 2
433 138
433 141
433 429
433 144
433 123
433 153
433 428
433 44
433 465
433 57
433 49
433 167
433 267
433 188
433 139
433 189
433 131
433 124
433 390
433 177
433 318
190 257
190 445
221 121
221 246
364 438
364 416
364 175
51 141
51 453
51 189
51 256
51 267
51 181
51 2
313 227
281 245
59 453
59 465
59 183
59 343
59 115
59 246
59 483
59 336
59 256
59 57
59 240
59 49
59 167
59 221
59 188
59 297
59 43
59 139
59 2
59 138
59 114
59 141
59 429
59 144
59 123
59 189
59 358
59 124
59 390
59 177
59 209
59 44
59 312
59 318
68 453
68 343
68 115
68 483
68 246
68 256
68 336
68 221
68 297
68 43
68 2
68 138
68 141
68 144
68 429
68 123
68 209
68 44
68 465
68 183
68 57
68 240
68 49
68 167
68 267
68 188
68 181
68 139
68 189
68 124
68 390
68 177
68 312
68 318
13 110
43 171
43 167
316 196
316 338
316 402
35 274
248 41
248 137
48 178
85 133
85 228
330 141
330 153
330 267
330 181
330 428
288 1
288 284
288 273
81 341
429 471
429 123
70 465
70 153
499 428
499 453
499 267
499 181
499 153
499 141
194 314
194 434
194 117
276 395
276 315
266 465
266 115
266 246
266 256
266 49
266 167
266 221
266 181
266 297
266 43
266 139
266 138
266 2
266 144
266 189
266 131
266 390
266 177
266 318
151 453
151 115
151 256
151 181
151 2
151 141
151 189
151 131
151 390
151 318
27 115
27 246
27 256
27 297
27 138
27 114
27 141
27 144
27 198
27 209
27 298
27 465
27 183
27 417
27 240
27 167
27 188
27 139
27 390
27 312
27 343
27 483
27 336
27 221
27 43
27 2
27 429
27 123
27 358
27 44
27 57
27 49
27 267
27 189
27 131
27 386
27 124
27 177
27 318
358 114
208 407
208 320
180 34
80 46
439 262
439 42
351 153
304 424
470 465
470 131
470 428
69 260
69 459
428 85
428 425
61 453
61 343
61 115
61 483
61 246
61 256
61 336
61 221
61 297
61 43
61 2
61 138
61 114
61 147
61 144
61 429
61 123
61 358
61 198
61 153
61 209
61 428
61 44
61 298
61 465
61 183
61 417
61 344
61 57
61 240
61 49
61 167
61 188
61 181
61 139
61 189
61 272
61 386
61 124
61 390
61 177
61 234
61 312
61 318
44 429
44 83
315 212
315 476
396 332
480 442
480 266
480 365
480 313
480 52
480 50
101 453
101 115
101 246
101 256
101 221
101 297
101 43
101 138
101 141
101 144
101 429
101 123
101 153
101 428
101 44
101 465
101 57
101 49
101 167
101 188
101 181
101 139
101 189
101 390
101 124
101 177
101 318
360 348
72 465
72 115
72 246
72 256
72 49
72 221
72 167
72 188
72 181
72 297
72 43
72 139
72 138
72 2
72 141
72 144
72 123
72 189
72 390
72 153
72 124
72 177
72 318
387 291
283 9
193 91
350 300
142 40
116 319
411 97
176 453
176 141
176 189
176 115
176 131
176 256
176 390
176 318
176 2
125 347
125 324
467 153
467 465
467 428
98 453
98 115
98 246
98 483
98 336
98 256
98 221
98 297
98 43
98 138
98 141
98 429
98 144
98 123
98 153
98 44
98 57
98 49
98 167
98 267
98 188
98 181
98 139
98 189
98 124
98 390
98 177
98 312
98 318
457 453
457 115
457 246
457 256
457 221
457 297
457 43
457 138
457 141
457 429
457 144
457 123
457 153
457 44
457 465
457 57
457 49
457 167
457 188
457 181
457 139
457 189
457 131
457 124
457 390
457 177
457 318
113 343
113 115
113 483
113 246
113 256
113 336
113 221
113 297
113 43
113 2
113 138
113 114
113 141
113 144
113 429
113 123
113 358
113 209
113 428
113 44
113 465
113 183
113 57
113 240
113 49
113 167
113 188
113 139
113 189
113 131
113 124
113 390
113 177
113 312
113 318
228 298
228 453
228 343
228 115
228 417
228 240
228 49
228 167
228 297
228 43
228 114
228 141
228 144
228 358
228 198
228 177
228 44
140 463
140 86
341 145
445 491
345 184
345 160
500 186
496 411
496 45
152 453
152 343
152 115
152 246
152 221
152 297
152 43
152 138
152 114
152 429
152 144
152 358
152 198
152 153
152 44
152 298
152 183
152 417
152 240
152 49
152 167
152 181
152 139
152 386
152 177
152 318
267 311
267 345
267 32
463 453
463 115
463 390
463 267
463 318
463 2
231 453
231 343
231 115
231 246
231 483
231 336
231 256
231 221
231 297
231 43
231 138
231 2
231 114
231 141
231 429
231 144
231 123
231 358
231 198
231 153
231 209
231 44
231 298
231 465
231 183
231 417
231 57
231 240
231 49
231 167
231 267
231 181
231 188
231 139
231 189
231 386
231 390
231 124
231 177
231 312
231 318
34 243
232 453
232 343
232 115
232 246
232 483
232 256
232 336
232 221
232 297
232 43
232 138
232 114
232 141
232 144
232 429
232 123
232 358
232 209
232 44
232 465
232 183
232 57
232 240
232 49
232 167
232 267
232 181
232 188
232 139
232 189
232 131
232 390
232 124
232 177
232 312
232 318
226 115
226 256
226 267
226 2
226 141
226 189
226 131
226 390
226 428
226 318
368 140
63 306
63 238
348 87
326 141
326 465
326 131
326 153
326 267
326 181
32 111
186 281
186 79
78 136
90 453
90 465
90 153
90 267
90 2
53 149
178 21
62 453
62 115
62 256
62 49
62 267
62 181
62 297
62 139
62 138
62 141
62 144
62 189
62 390
62 428
62 318
324 303
324 427
189 256
107 141
107 189
107 115
107 256
107 390
107 267
107 181
107 428
107 318
107 2
103 150
477 267
477 181
477 189
477 2
477 256
282 301
493 37
493 498
150 211
45 337
45 25
295 465
295 115
295 246
295 256
295 57
295 49
295 167
295 221
295 188
295 267
295 297
295 139
295 43
295 138
295 2
295 429
295 144
295 189
295 123
295 131
295 390
295 124
295 153
295 177
295 428
295 44
295 318
124 182
124 328
124 188
124 397
182 453
182 115
182 246
182 256
182 221
182 297
182 43
182 2
182 138
182 141
182 144
182 153
182 465
182 49
182 167
182 267
182 188
182 139
182 189
182 390
182 177
182 318
490 351
475 458
177 221
177 396
177 223
